START -468 32767 -15692 608 -372 591 END
START -416 32767 -15732 567 -257 555 END
START -444 32767 -15840 989 -444 661 END
START -536 32767 -15632 1193 -545 919 END
START -464 32767 -15792 1080 -640 1380 END
START -404 32767 -15776 523 -557 1923 END
START -452 32767 -16096 444 -607 2164 END
START -632 32767 -15264 595 -349 2981 END
START -460 32767 -15720 1440 -970 2839 END
START -724 32767 -15556 1005 -868 3315 END
START -748 32767 -15328 1432 -1529 2880 END
START -868 32767 -16216 1376 -1474 3308 END
START -1016 32767 -16060 1058 -996 3453 END
START -1068 32767 -16008 724 -633 3347 END
START -1452 32767 -15992 1558 -1242 2507 END
START -1212 32767 -16736 1559 -966 2321 END
START -1240 32767 -15536 894 -766 2409 END
START -1224 32767 -15588 945 -1358 2016 END
START -1680 32767 -16436 1334 -1558 1791 END
START -1824 32767 -17292 1486 -679 1283 END
START -1816 32767 -17456 1338 83 1919 END
START -1900 32767 -17212 1533 771 1737 END
START -1600 32767 -17616 1508 1312 1244 END
START -1216 32767 -16020 1265 1691 778 END
START -924 32767 -16932 913 1682 87 END
START -1104 32767 -17112 1054 1965 -478 END
START -628 32767 -16876 1054 2274 -788 END
START -376 32767 -16492 743 2701 -1264 END
START 212 32767 -15608 44 2700 -1551 END
START 536 32767 -15664 654 2297 -1972 END
START 548 32767 -16080 953 1990 -2442 END
START 496 32767 -15656 723 2336 -2597 END
START 772 32767 -15728 463 1903 -3289 END
START 1068 32767 -15104 115 1796 -3447 END
START 1284 32767 -14980 316 1592 -3603 END
START 1368 32767 -14636 374 768 -4196 END
START 1440 32767 -15552 788 739 -4316 END
START 1672 32767 -14540 336 258 -4149 END
START 1760 32767 -14152 777 -557 -4407 END
START 1240 32767 -15140 1610 -1477 -4771 END
START 1200 32767 -14460 1267 -1345 -4450 END
START 1064 32767 -14664 2193 -2835 -4274 END
START 844 32767 -15580 3027 -3197 -3862 END
START 264 32767 -16096 2880 -3190 -3177 END
START -16 32767 -15216 1680 -3053 -2118 END
START -552 32767 -15628 985 -3295 -2794 END
START -704 32767 -16164 226 -3068 -1713 END
START -996 32767 -15192 43 -3032 -390 END
START -1332 32767 -15448 -233 -3102 52 END
START -1852 32767 -16024 534 -3496 162 END
START -1916 32767 -15856 890 -3427 1029 END
START -2820 32767 -16756 1322 -3496 1237 END
START -3140 32767 -16760 1441 -2796 2010 END
START -3244 32767 -16776 1229 -2163 2313 END
START -3252 32767 -16300 1725 -1960 2650 END
START -3832 32767 -16844 2061 -1856 2899 END
START -3700 32767 -16404 854 -929 3534 END
START -4048 32767 -16672 368 -169 4229 END
START -3980 32767 -16028 703 -144 4020 END
START -3660 32767 -15548 -36 160 5185 END
START -3752 32767 -16132 264 -275 4931 END
START -3640 32767 -16284 177 -93 4524 END
START -3688 32767 -16540 906 -190 3703 END
START -3432 32767 -17516 522 424 3636 END
START -3676 32767 -17368 368 1082 3644 END
START -3464 32767 -16756 622 1539 3150 END
START -3108 32767 -16064 381 2012 2997 END
START -2584 32767 -15348 591 1676 2380 END
START -2312 32767 -14792 902 843 1313 END
START -2520 32767 -15660 1355 633 499 END
START -2228 32767 -15176 1310 231 -207 END
