START -252 32767 -16356 -6 -637 469 END
START -340 32767 -15892 368 -512 891 END
START -372 32767 -16360 870 -573 1110 END
START -472 32767 -15788 1139 -328 1395 END
START -496 32767 -15628 988 -759 2059 END
START -268 32767 -15480 763 -529 2648 END
START -184 32767 -15408 495 -950 2965 END
START -432 32767 -16244 304 -700 3101 END
START -588 32767 -15936 782 -811 2991 END
START -568 32767 -16780 989 -94 3150 END
START -452 32767 -15728 438 -545 3180 END
START -660 32767 -16272 -2 -282 3119 END
START -648 32767 -15840 595 -767 2287 END
START -572 32767 -16432 760 -549 2379 END
START -468 32767 -15392 534 -537 2525 END
START -472 32767 -15688 892 -858 2089 END
START -716 32767 -16128 1369 -693 2238 END
START -848 32767 -15984 1030 -1174 2145 END
START -760 32767 -15804 1152 -1008 2647 END
START -1268 32767 -17160 1388 -1121 2232 END
START -1000 32767 -16640 1135 -174 1605 END
START -1120 32767 -18064 1393 567 1842 END
START -1076 32767 -17224 1093 956 1591 END
START -832 32767 -16420 1556 1138 920 END
START -584 32767 -16608 1133 1290 162 END
START -540 32767 -16176 434 1754 -419 END
START -476 32767 -16504 459 1575 -853 END
START -80 32767 -15932 674 1698 -1566 END
START 156 32767 -15664 637 1599 -2070 END
START 220 32767 -15716 486 1503 -2623 END
START 424 32767 -16324 541 1229 -3144 END
START 424 32767 -15380 397 1413 -3104 END
START 528 32767 -15436 301 1158 -3298 END
START 636 32767 -15288 592 885 -3504 END
START 876 32767 -14820 752 851 -4079 END
START 952 32767 -15064 536 178 -4488 END
START 540 32767 -14856 -147 -91 -4330 END
START 644 32767 -14892 -149 -427 -3675 END
START 868 32767 -15464 699 -571 -4202 END
START 796 32767 -14692 1061 -911 -4234 END
START 548 32767 -15308 -27 -1470 -3462 END
START 692 32767 -14892 -373 -1677 -2521 END
START 472 32767 -15520 762 -2242 -2466 END
START 368 32767 -15692 1501 -2539 -1461 END
START -468 32767 -15896 1421 -2518 -487 END
START -420 32767 -16128 850 -2272 269 END
START -508 32767 -15520 316 -2084 226 END
START -1052 32767 -16180 797 -2192 1018 END
START -1152 32767 -15592 1566 -2542 1279 END
START -1368 32767 -16576 966 -2513 1606 END
START -1736 32767 -16028 592 -2057 1573 END
START -2152 32767 -16208 538 -1768 1605 END
START -1912 32767 -16100 995 -1943 1648 END
START -2412 32767 -16240 794 -1711 1986 END
START -2464 32767 -16316 1213 -1695 1905 END
START -2540 32767 -15892 1369 -1354 2034 END
START -2684 32767 -16044 1112 -1283 2196 END
START -2876 32767 -16632 1225 -1002 2314 END
START -2888 32767 -15908 1394 -840 2267 END
START -2908 32767 -16896 1523 -464 2599 END
START -2860 32767 -15992 1081 -341 2954 END
START -3404 32767 -17096 2121 90 2328 END
START -3144 32767 -16636 1666 202 1812 END
START -3060 32767 -17432 1622 1048 1867 END
START -2644 32767 -15728 137 2065 2610 END
START -2460 32767 -16016 174 1499 2137 END
START -1980 32767 -14568 628 784 925 END
START -1844 32767 -15324 1535 549 -153 END
