START -1680 32767 -16140 924 -177 1125 END
START -1640 32767 -16400 1107 -239 1119 END
START -1552 32767 -15428 1503 -346 1184 END
START -1492 32767 -15960 1326 -410 1521 END
START -1576 32767 -15780 780 -400 2068 END
START -1792 32767 -16376 605 -453 2347 END
START -1692 32767 -15740 683 -148 2489 END
START -1716 32767 -16144 684 -406 2361 END
START -1480 32767 -15688 543 -450 2552 END
START -1596 32767 -16120 470 -730 2591 END
START -1888 32767 -16304 581 -340 2679 END
START -1700 32767 -16112 496 -419 2608 END
START -1576 32767 -15944 935 -220 2361 END
START -1700 32767 -16324 1149 -157 2125 END
START -1644 32767 -15664 1035 -310 2231 END
START -1692 32767 -16132 1263 -358 2149 END
START -1588 32767 -15872 1340 -393 1835 END
START -1788 32767 -16728 1141 -192 2242 END
START -1548 32767 -15832 1155 172 1969 END
START -1836 32767 -16088 924 -348 1682 END
START -1616 32767 -16328 1089 101 1237 END
START -1720 32767 -16200 955 211 911 END
START -1572 32767 -16612 1114 427 792 END
START -1448 32767 -16808 1394 592 504 END
START -1304 32767 -17808 1351 1300 124 END
START -1192 32767 -17236 866 1863 -99 END
START -988 32767 -16808 945 2204 -578 END
START -664 32767 -16100 754 2299 -1010 END
START -456 32767 -15916 348 2487 -1571 END
START 172 32767 -14468 857 1796 -1775 END
START 88 32767 -15648 1254 1091 -2395 END
START 28 32767 -16088 971 1048 -2508 END
START 256 32767 -15572 1105 1033 -3060 END
START 212 32767 -15636 1002 931 -3593 END
START 492 32767 -15100 954 687 -3922 END
START 680 32767 -14644 1356 -96 -4170 END
START 380 32767 -15024 1164 -625 -4063 END
START 548 32767 -15220 1073 -832 -3818 END
START 412 32767 -15760 1308 -983 -3880 END
START 300 32767 -15332 1366 -1116 -3762 END
START 56 32767 -15912 889 -1102 -3838 END
START -16 32767 -15420 336 -1156 -3664 END
START 120 32767 -14988 283 -1473 -2151 END
START -332 32767 -15680 1416 -2089 -1943 END
START -664 32767 -15104 819 -2019 -1827 END
START -800 32767 -16024 159 -1658 -1613 END
START -660 32767 -15232 -435 -2067 -1121 END
START -1256 32767 -15552 24 -2571 -1055 END
START -1680 32767 -16148 19 -2545 -760 END
START -1820 32767 -15960 361 -2243 -266 END
START -2000 32767 -15564 391 -2389 191 END
START -2404 32767 -15360 690 -2419 454 END
START -2784 32767 -15920 1270 -2734 1125 END
START -2936 32767 -16016 1179 -2660 1089 END
START -3308 32767 -16564 1306 -2403 1327 END
START -3592 32767 -16444 1316 -2186 2253 END
START -3752 32767 -16740 1473 -1893 2323 END
START -4040 32767 -16208 1205 -1391 2590 END
START -4124 32767 -16148 1362 -1071 2699 END
START -4072 32767 -16264 1094 -1053 2903 END
START -4048 32767 -15800 1015 -669 3401 END
START -4128 32767 -16080 633 -720 3322 END
START -4120 32767 -16140 531 -234 3529 END
START -3976 32767 -16132 730 -216 3334 END
START -4052 32767 -16352 476 25 3361 END
START -4288 32767 -16956 390 182 2801 END
START -3936 32767 -16708 67 1119 2805 END
START -3748 32767 -16472 -458 1798 2760 END
START -3572 32767 -16444 -22 1953 1931 END
START -3288 32767 -15428 103 2332 1494 END
START -3364 32767 -15368 640 1308 1392 END
START -2748 32767 -15428 1179 1463 994 END
