START -1952 32767 -15948 317 356 -242 END
START -1956 32767 -15816 421 -36 51 END
START -1856 32767 -15748 747 9 382 END
START -1716 32767 -15664 629 -214 691 END
START -1712 32767 -16000 840 -225 1273 END
START -1756 32767 -15580 913 -228 1745 END
START -1600 32767 -15776 634 -108 2236 END
START -1944 32767 -15836 822 -404 2407 END
START -1872 32767 -15916 1029 -414 2604 END
START -1892 32767 -15796 1205 -388 2638 END
START -1648 32767 -15956 1169 -671 2663 END
START -1756 32767 -16160 496 -429 3198 END
START -1944 32767 -15960 116 -293 2951 END
START -1888 32767 -16184 718 -289 2161 END
START -1608 32767 -15776 789 -692 2524 END
START -1964 32767 -16244 445 -442 2463 END
START -1900 32767 -16028 765 -505 1970 END
START -1904 32767 -16648 694 -276 2150 END
START -1764 32767 -16032 444 -218 2006 END
START -2012 32767 -16352 1065 46 1783 END
START -1888 32767 -16300 561 14 1729 END
START -1736 32767 -15900 520 440 1765 END
START -1780 32767 -15872 773 104 2073 END
START -1612 32767 -16760 659 221 2312 END
START -1752 32767 -17092 290 543 1643 END
START -1396 32767 -17444 1410 760 384 END
START -1496 32767 -17884 1674 1418 260 END
START -1232 32767 -16912 1533 2459 180 END
START -860 32767 -16436 1423 2508 -139 END
START -308 32767 -15380 906 2640 -911 END
START -152 32767 -14876 972 2255 -1948 END
START 56 32767 -15004 805 1723 -2760 END
START 144 32767 -15136 604 1417 -3222 END
START -24 32767 -15096 663 953 -4040 END
START 132 32767 -15496 506 699 -4499 END
START 452 32767 -14896 611 562 -4846 END
START 300 32767 -15484 708 331 -4441 END
START 648 32767 -14784 761 -223 -4167 END
START 428 32767 -15056 884 -414 -4062 END
START 192 32767 -15824 1121 -381 -3943 END
START 148 32767 -14744 744 -652 -4044 END
START -148 32767 -15028 1442 -1005 -3694 END
START -120 32767 -15376 969 -1303 -3685 END
START -32 32767 -14832 529 -1407 -3184 END
START -440 32767 -14508 148 -1301 -2422 END
START -704 32767 -15940 -40 -2074 -1361 END
START -828 32767 -15520 617 -1921 -809 END
START -1000 32767 -15632 500 -2081 -653 END
START -1140 32767 -15172 276 -1491 397 END
START -1252 32767 -15156 1055 -2638 163 END
START -1752 32767 -15808 944 -2884 611 END
START -2044 32767 -16288 669 -2817 723 END
START -2384 32767 -16184 944 -2337 602 END
START -2692 32767 -15684 578 -2439 1073 END
START -2920 32767 -17064 796 -2652 1370 END
START -3208 32767 -16692 1512 -1991 1969 END
START -3468 32767 -16872 1931 -1509 2356 END
START -3332 32767 -16616 1500 -674 3053 END
START -3104 32767 -15936 624 -239 3575 END
START -3148 32767 -16056 771 -536 3479 END
START -3416 32767 -16172 1093 -644 3340 END
START -3540 32767 -16840 1136 -540 3016 END
START -3236 32767 -16940 1297 18 2928 END
START -3316 32767 -17108 1589 359 3219 END
START -3220 32767 -17252 1198 1170 3078 END
START -2992 32767 -16220 950 1575 2601 END
START -2636 32767 -16700 786 2077 2117 END
START -2256 32767 -15464 332 2022 1700 END
START -2148 32767 -15304 650 1425 902 END
START -2240 32767 -15184 546 813 834 END
START -2028 32767 -15576 294 1015 296 END
START -1904 32767 -15792 217 1179 -116 END
START -1492 32767 -15188 18 599 -174 END
START -1236 32767 -14424 267 243 -185 END
START -1492 32767 -15520 943 -684 -146 END
