START -1236 32767 -15996 830 -269 504 END
START -1184 32767 -16208 556 -443 542 END
START -1012 32767 -15236 985 -329 484 END
START -1016 32767 -16096 931 -377 868 END
START -904 32767 -15596 1029 -444 1231 END
START -1012 32767 -16040 874 -513 2084 END
START -924 32767 -15952 694 -443 2786 END
START -1052 32767 -16396 338 -462 3135 END
START -900 32767 -15480 388 -72 3765 END
START -1164 32767 -16012 382 -417 3886 END
START -1104 32767 -15804 801 -511 3476 END
START -1132 32767 -16092 544 -377 3608 END
START -1160 32767 -15780 682 -435 3574 END
START -1096 32767 -16016 606 -286 3539 END
START -1056 32767 -15660 325 -480 3621 END
START -1268 32767 -15912 875 -761 3464 END
START -1140 32767 -16292 633 -538 3135 END
START -1156 32767 -15988 1011 -234 2851 END
START -976 32767 -16164 967 -738 2132 END
START -988 32767 -16488 1278 -240 2017 END
START -1196 32767 -16760 1550 146 2222 END
START -1072 32767 -17268 2159 538 2413 END
START -984 32767 -16432 1428 924 2182 END
START -976 32767 -16992 2037 1444 1405 END
START -584 32767 -16792 1517 1287 278 END
START -376 32767 -16348 1647 1697 -777 END
START -396 32767 -16300 1345 1647 -1482 END
START -124 32767 -15956 1311 1361 -1903 END
START 200 32767 -16468 1105 1726 -2416 END
START 404 32767 -15876 1182 1851 -2903 END
START 592 32767 -16396 1047 1951 -2987 END
START 824 32767 -15364 1233 1986 -2905 END
START 1136 32767 -15324 1139 1783 -2850 END
START 1240 32767 -15028 984 1447 -3173 END
START 1368 32767 -14836 894 1014 -3542 END
START 1440 32767 -14508 716 583 -4019 END
START 1472 32767 -14444 999 -214 -4306 END
START 1556 32767 -14712 1504 -935 -4349 END
START 1396 32767 -15400 1612 -1403 -4496 END
START 1024 32767 -15324 1543 -1249 -4279 END
START 884 32767 -16360 1313 -1637 -3792 END
START 1004 32767 -14836 1477 -1908 -3588 END
START 528 32767 -16004 1169 -2107 -3327 END
START 108 32767 -16092 448 -1807 -2690 END
START 52 32767 -15244 -345 -2067 -2352 END
START -16 32767 -15172 -749 -1910 -2273 END
START -56 32767 -15688 -1113 -2165 -2010 END
START -576 32767 -14704 -342 -2464 -658 END
START -764 32767 -15920 538 -2915 -346 END
START -1080 32767 -15960 541 -3262 389 END
START -1424 32767 -15376 633 -2751 475 END
START -1832 32767 -15804 725 -3040 903 END
START -2040 32767 -16372 768 -2908 726 END
START -2652 32767 -16460 796 -2861 1011 END
START -2964 32767 -16824 1053 -2274 1497 END
START -3204 32767 -17160 1527 -2258 1743 END
START -3224 32767 -16692 1231 -1479 2338 END
START -3520 32767 -16168 1052 -854 2383 END
START -3340 32767 -16248 1070 -901 2713 END
START -3152 32767 -15864 1002 -764 2914 END
START -3428 32767 -16164 1518 -801 2877 END
START -3452 32767 -15876 1271 -789 3377 END
START -3472 32767 -16376 1320 -327 3606 END
START -3528 32767 -16828 1069 69 3707 END
START -3476 32767 -16388 787 706 3862 END
START -3516 32767 -16876 712 1190 4013 END
START -3184 32767 -15164 282 897 3505 END
START -2880 32767 -16484 1498 760 2267 END
START -2608 32767 -15756 919 985 2006 END
START -2652 32767 -16696 601 1327 1739 END
START -2480 32767 -16804 422 1416 1309 END
START -2300 32767 -15716 -70 2042 1031 END
START -2088 32767 -14792 395 977 744 END
START -1856 32767 -16168 1160 1058 216 END
