START -780 32767 -16272 319 -438 676 END
START -704 32767 -16540 685 -280 889 END
START -596 32767 -15604 728 -50 1066 END
START -596 32767 -15868 933 -522 1424 END
START -908 32767 -16196 839 -336 1834 END
START -828 32767 -15892 667 -408 2344 END
START -820 32767 -15932 573 -403 2358 END
START -708 32767 -16020 473 -474 2781 END
START -752 32767 -15812 380 -467 2986 END
START -868 32767 -16484 530 -563 2652 END
START -904 32767 -16352 645 -298 3039 END
START -964 32767 -15808 371 -380 2849 END
START -888 32767 -16484 978 -295 2459 END
START -1032 32767 -15532 1074 -403 2315 END
START -868 32767 -15944 1328 -410 2340 END
START -792 32767 -16384 1391 -458 2004 END
START -864 32767 -16200 1312 -331 2153 END
START -1104 32767 -16672 1408 -166 2491 END
START -1032 32767 -15928 1717 -185 2342 END
START -876 32767 -16804 1669 -169 2120 END
START -828 32767 -17528 1874 654 2009 END
START -512 32767 -17132 2256 1019 1789 END
START -724 32767 -17524 1139 1563 1114 END
START -392 32767 -16332 1498 2249 370 END
START -160 32767 -16216 1297 2164 -368 END
START 176 32767 -15940 700 2060 -1681 END
START 180 32767 -15896 136 2001 -2624 END
START 740 32767 -15544 229 1793 -3215 END
START 544 32767 -15872 414 1360 -3193 END
START 1008 32767 -15004 84 1922 -4071 END
START 868 32767 -15396 196 1243 -4559 END
START 1156 32767 -15100 266 837 -5076 END
START 1188 32767 -15100 395 431 -5319 END
START 1340 32767 -13460 433 -544 -5484 END
START 1232 32767 -14296 1764 -1589 -5986 END
START 1008 32767 -14808 2162 -2243 -4898 END
START 680 32767 -14588 1991 -2847 -4011 END
START 496 32767 -14924 1704 -3338 -4193 END
START -124 32767 -15836 1238 -3315 -3108 END
START -728 32767 -15852 1123 -2858 -2173 END
START -1020 32767 -16244 591 -3120 -2113 END
START -992 32767 -15524 773 -2858 -1417 END
START -1372 32767 -16268 478 -2844 -176 END
START -1544 32767 -16108 1054 -2874 301 END
START -1864 32767 -16640 1777 -2746 721 END
START -2328 32767 -16652 1591 -2471 1450 END
START -2816 32767 -17056 1711 -1845 1581 END
START -2928 32767 -16564 984 -1621 2366 END
START -3204 32767 -15944 1645 -1313 2472 END
START -2840 32767 -15648 1481 -1723 2627 END
START -3008 32767 -16300 179 -1283 3164 END
START -3176 32767 -16004 -17 -1251 3381 END
START -3512 32767 -16836 502 -1375 3083 END
START -3668 32767 -17228 725 -841 2951 END
START -3644 32767 -16352 -564 220 3616 END
START -3540 32767 -16124 314 304 3011 END
START -3436 32767 -16384 640 -39 2612 END
START -3392 32767 -16396 331 646 3009 END
START -3528 32767 -16924 -211 1066 3117 END
START -3244 32767 -16676 -978 1924 2708 END
START -2836 32767 -15620 -256 1416 1842 END
START -2496 32767 -15844 716 1144 1571 END
START -2280 32767 -16180 1301 1023 1068 END
START -2228 32767 -15696 867 1139 1189 END
START -2080 32767 -15068 832 947 567 END
START -2144 32767 -15820 765 1085 235 END
START -2076 32767 -15368 148 505 965 END
