START -1108 32767 -16452 510 -136 1048 END
START -784 32767 -15708 692 -219 918 END
START -780 32767 -15624 1221 -228 812 END
START -872 32767 -15480 796 -282 1488 END
START -712 32767 -15596 1099 -742 1788 END
START -840 32767 -16240 546 -699 2354 END
START -960 32767 -16216 365 -319 2940 END
START -852 32767 -15412 545 -312 3179 END
START -1024 32767 -16516 634 -573 3115 END
START -928 32767 -15604 537 -179 3040 END
START -852 32767 -16404 662 -78 3086 END
START -836 32767 -15680 553 -268 2921 END
START -768 32767 -16100 410 -442 2919 END
START -872 32767 -16264 192 11 3388 END
START -648 32767 -15988 -60 62 3347 END
START -752 32767 -15908 500 -588 3188 END
START -768 32767 -16460 712 -635 2905 END
START -644 32767 -16100 1128 -538 2531 END
START -792 32767 -16200 839 -324 2537 END
START -768 32767 -15612 1223 -265 2178 END
START -612 32767 -15548 1372 -789 1970 END
START -932 32767 -15992 1472 -971 1339 END
START -1124 32767 -17028 1333 -749 1211 END
START -1152 32767 -16988 1772 -12 1249 END
START -1148 32767 -17524 1783 284 921 END
START -748 32767 -17204 1704 1153 780 END
START -796 32767 -17124 1343 1473 411 END
START -476 32767 -16464 1422 1674 48 END
START -432 32767 -16388 1544 1945 -243 END
START 40 32767 -15724 1234 2015 -939 END
START 204 32767 -15648 817 1684 -1556 END
START 320 32767 -15960 965 1664 -2116 END
START 540 32767 -15504 1056 1439 -2672 END
START 724 32767 -15940 1091 1212 -3362 END
START 664 32767 -16184 868 1429 -4050 END
START 868 32767 -15720 248 1468 -3993 END
START 1028 32767 -15428 47 1433 -3863 END
START 1128 32767 -14400 755 578 -4168 END
START 1220 32767 -14860 803 -311 -4729 END
START 1160 32767 -15200 851 -255 -4509 END
START 1264 32767 -14996 1015 -903 -4388 END
START 972 32767 -14924 1163 -1206 -4336 END
START 972 32767 -15452 1292 -1064 -3662 END
START 816 32767 -14760 507 -1990 -3474 END
START 316 32767 -15580 677 -1977 -3833 END
START 232 32767 -14844 731 -2187 -3185 END
START 80 32767 -15004 887 -2867 -3229 END
START -272 32767 -15192 1234 -3107 -3047 END
START -688 32767 -15444 760 -3395 -2370 END
START -1144 32767 -14744 669 -3534 -933 END
START -1548 32767 -15444 1315 -4254 -378 END
START -2212 32767 -16608 1292 -4443 -699 END
START -2924 32767 -16820 1308 -3385 328 END
START -3160 32767 -16176 772 -3293 1009 END
START -3116 32767 -16832 503 -2955 1583 END
START -3788 32767 -16492 809 -2055 2031 END
START -4020 32767 -16516 639 -2143 2278 END
START -3932 32767 -16128 828 -1450 3254 END
START -4188 32767 -15360 172 -1512 3661 END
START -4300 32767 -15856 1451 -1643 3785 END
START -4516 32767 -16932 1364 -1721 3314 END
START -4548 32767 -16760 452 -418 4010 END
START -4916 32767 -16608 788 -270 3880 END
START -4552 32767 -16356 989 231 3876 END
START -4272 32767 -16124 384 1044 4407 END
START -4116 32767 -15876 449 182 4546 END
START -4240 32767 -16852 888 1152 3591 END
START -3752 32767 -16416 76 1712 3548 END
START -3772 32767 -16912 507 1542 2934 END
START -3504 32767 -15812 249 1569 2808 END
START -3352 32767 -16472 932 1989 2418 END
START -2788 32767 -15300 195 1791 2197 END
START -2664 32767 -15164 382 1730 1499 END
START -2180 32767 -14836 952 920 797 END
