START -692 32767 -16768 753 -729 44 END
START -528 32767 -16504 665 -751 126 END
START -496 32767 -16648 1029 -204 418 END
START -400 32767 -16420 1359 -77 1025 END
START -496 32767 -15612 1360 -163 1606 END
START -444 32767 -15972 774 -125 2272 END
START -320 32767 -15468 727 -119 2769 END
START -436 32767 -15744 566 -613 3210 END
START -644 32767 -16076 1086 -274 3233 END
START -684 32767 -16260 535 -537 3333 END
START -644 32767 -16152 560 -71 3244 END
START -868 32767 -16552 584 -215 3038 END
START -588 32767 -16024 1017 -114 2785 END
START -628 32767 -16640 1022 -60 2893 END
START -356 32767 -15980 566 175 3065 END
START -216 32767 -15788 946 -324 2831 END
START -516 32767 -16216 1589 -556 2874 END
START -708 32767 -16272 1940 -352 2906 END
START -768 32767 -16840 1770 38 3156 END
START -716 32767 -16120 1008 432 2966 END
START -744 32767 -16336 1468 489 1704 END
START -676 32767 -16808 1051 727 1005 END
START -568 32767 -17900 1379 1351 539 END
START -436 32767 -18156 1555 2371 -18 END
START -156 32767 -17048 847 3355 -422 END
START 340 32767 -15452 616 3608 -1353 END
START 620 32767 -15336 593 2364 -2540 END
START 760 32767 -14792 588 2185 -3950 END
START 968 32767 -14808 343 1966 -5055 END
START 1500 32767 -15048 439 1221 -5497 END
START 1744 32767 -14664 525 785 -5177 END
START 1868 32767 -15100 434 176 -4385 END
START 1924 32767 -14884 1066 -425 -4991 END
START 1924 32767 -15128 1091 -491 -4926 END
START 1776 32767 -14976 1428 -948 -4871 END
START 1728 32767 -14556 1229 -1455 -3968 END
START 1564 32767 -14204 968 -1461 -3483 END
START 1276 32767 -13644 -79 -2970 -3919 END
START 1152 32767 -15496 176 -3714 -4166 END
START 504 32767 -14904 313 -3421 -3349 END
START 560 32767 -15388 638 -3746 -2518 END
START -376 32767 -16656 662 -4068 -1533 END
START -732 32767 -16428 -12 -3326 -259 END
START -1148 32767 -16192 624 -3465 33 END
START -1736 32767 -16132 1321 -3111 389 END
START -1824 32767 -16896 1446 -3169 748 END
START -2288 32767 -16296 243 -2096 1882 END
START -2232 32767 -16024 858 -2383 2352 END
START -2608 32767 -16136 1346 -2504 2803 END
START -2960 32767 -15472 1633 -2366 3752 END
START -3212 32767 -16688 1319 -2534 3317 END
START -3304 32767 -17020 956 -1669 3359 END
START -3640 32767 -16484 603 -1281 3368 END
START -3672 32767 -16508 860 -1182 3272 END
START -3564 32767 -16296 743 -356 3960 END
START -3712 32767 -16492 1291 -597 3598 END
START -3712 32767 -16768 1638 194 3317 END
START -3676 32767 -16688 1446 390 2464 END
START -3680 32767 -16392 502 1239 2833 END
START -3628 32767 -17504 1145 1666 2530 END
START -3012 32767 -16012 -265 2556 3011 END
START -2784 32767 -16180 330 2376 2478 END
START -2260 32767 -15492 82 2344 2151 END
START -2016 32767 -15600 697 1290 1371 END
START -1960 32767 -15260 942 1484 476 END
START -1824 32767 -15744 1373 1624 191 END
