START -448 32767 -16340 522 -155 645 END
START -656 32767 -16244 657 -228 903 END
START -404 32767 -15460 1302 157 1023 END
START -436 32767 -15868 1052 -299 1410 END
START -384 32767 -15648 1175 -140 1891 END
START -384 32767 -15068 855 -412 2457 END
START -400 32767 -15936 1134 -705 2545 END
START -588 32767 -16484 975 -537 2554 END
START -556 32767 -16644 1002 -308 2881 END
START -588 32767 -16176 684 -151 3114 END
START -572 32767 -15700 1172 -470 3002 END
START -464 32767 -16508 893 -353 2854 END
START -476 32767 -15792 390 -420 2894 END
START -300 32767 -16532 486 -489 2792 END
START -556 32767 -15916 449 -235 2707 END
START -380 32767 -16324 801 -162 2224 END
START -208 32767 -15168 900 -908 2719 END
START -596 32767 -16376 143 -1106 2991 END
START -464 32767 -15620 723 -532 2520 END
START -664 32767 -16308 747 -1264 2187 END
START -804 32767 -16480 1242 -751 2164 END
START -504 32767 -15544 1371 -1159 2210 END
START -1212 32767 -17280 1016 -755 1722 END
START -1216 32767 -17500 1561 -15 309 END
START -968 32767 -17456 1175 893 -16 END
START -1044 32767 -17524 929 1549 -531 END
START -640 32767 -16788 812 2011 -994 END
START -392 32767 -16480 1272 2082 -1492 END
START -80 32767 -16856 1391 2345 -1643 END
START 184 32767 -16136 1316 2747 -1760 END
START 420 32767 -15652 1282 2639 -2131 END
START 768 32767 -14864 1017 2348 -2457 END
START 1120 32767 -14888 657 1803 -3185 END
START 1108 32767 -15348 665 1369 -3633 END
START 1140 32767 -15184 885 841 -4255 END
START 1232 32767 -15044 816 632 -4618 END
START 1628 32767 -15096 -2 161 -4378 END
START 1348 32767 -15280 429 -29 -4833 END
START 1408 32767 -15312 279 -321 -4446 END
START 1348 32767 -14680 617 -514 -3903 END
START 1436 32767 -14460 562 -1190 -3838 END
START 1092 32767 -14324 484 -1985 -3705 END
START 1264 32767 -15276 705 -2568 -3076 END
START 824 32767 -14528 991 -2809 -2803 END
START 244 32767 -16236 1638 -3501 -1864 END
START -36 32767 -16080 1140 -3009 -1287 END
START -784 32767 -16180 1289 -2769 -668 END
START -944 32767 -16048 1646 -2808 378 END
START -1088 32767 -15740 2472 -2534 127 END
START -1372 32767 -16556 1726 -2562 480 END
START -1412 32767 -15608 648 -2517 1491 END
START -1868 32767 -16564 1115 -2579 1288 END
START -2292 32767 -16316 1472 -2399 1768 END
START -2348 32767 -16628 1229 -2031 1861 END
START -2616 32767 -16608 1292 -1886 2129 END
START -2800 32767 -16080 1258 -1649 2771 END
START -3244 32767 -16620 773 -1044 3571 END
START -3376 32767 -16396 725 -837 3729 END
START -3144 32767 -15548 467 -681 3754 END
START -3356 32767 -16660 717 -801 3390 END
START -2952 32767 -16264 906 -745 3161 END
START -3192 32767 -17024 1106 -433 3262 END
START -3280 32767 -16736 1056 29 3023 END
START -3208 32767 -17080 350 674 3002 END
START -3164 32767 -16228 -106 1177 3365 END
START -2888 32767 -16972 135 1197 3137 END
START -2552 32767 -15784 -424 1706 2962 END
START -2552 32767 -15688 332 1348 1728 END
START -2156 32767 -14532 324 796 1430 END
START -2256 32767 -16352 670 1162 704 END
START -1952 32767 -15316 -87 529 968 END
START -1856 32767 -15272 487 755 452 END
START -1904 32767 -16012 864 -88 -122 END
